1567526716919 0.6117647059236019 0
1567527250707 0.7287197232246398 1
1567527723897 0.8041522491555726 2
1567528213544 0.827681660899654 3
1567528637331 0.8574394464080309 4
1567529057257 0.8608996539792387 5
1567529475507 0.8782006920827714 6
1567529894467 0.8747404844703146 7
1567530314820 0.8567474048855396 8
1567530731855 0.9003460207612457 9
1567531147453 0.9044982699786915 10
1567531563659 0.9224913494809689 11
1567531981010 0.9384083044982698 12
1567532397129 0.9557093425605536 13
1567532812274 0.9487889273356401 14
1567533226899 0.9584775086505191 15
1567533644675 0.9674740484841554 16
1567534059841 0.9439446367194496 17
1567534478945 0.9570934256055363 18
1567534894390 0.9730103806228374 19
1567535309793 0.9605536332592419 20
1567535727976 0.9432525951969583 21
1567536144319 0.9709342560553633 22
1567536558572 0.9847750865051903 23
1567536974103 0.9826989619377162 24
1567536974487 0.6117647059236019 25
