1567526716919 0.9226129426056952 0
1567527250707 0.5452100295509021 1
1567527723897 0.4290207305994001 2
1567528213544 0.38518068034034286 3
1567528637331 0.33588250990969915 4
1567529057257 0.31705037404921643 5
1567529475507 0.294873829572671 6
1567529894467 0.3013387978695668 7
1567530314820 0.3369536967013534 8
1567530731855 0.24705455920894254 9
1567531147453 0.22988653768717623 10
1567531563659 0.19499142953681287 11
1567531981010 0.17255944225253944 12
1567532397129 0.1473028864982219 13
1567532812274 0.13711331949720745 14
1567533226899 0.1330377944380973 15
1567533644675 0.11648092822632575 16
1567534059841 0.14949107198979203 17
1567534478945 0.13082437633333735 18
1567534894390 0.09795141889355999 19
1567535309793 0.11848154113366942 20
1567535727976 0.153585107495628 21
1567536144319 0.09804842538074639 22
1567536558572 0.0697992020927911 23
1567536974103 0.07101772139590092 24
1567536974469 0.9226129426056952 25
